#: table_doi: 10.17182/hepdata.144178.v2/t37
#: name: Limit curve for pure Higgsino
#: description: Limit in the mass plane of the pure Higgsino model
#: data_file: limit_curve_for_pure_higgsino.yaml
$m_{\tilde{\chi}_1^\pm}$ (GeV),$\Delta m(\tilde{\chi})$ (GeV) [GeV]
947.5,0.13528
944.37,0.13608
942.5,0.13652
939.7,0.13722
937.5,0.13774
934.91,0.13837
932.5,0.13892
930.0,0.13952
927.5,0.14007
924.9,0.14067
922.5,0.14117
919.49,0.14182
917.5,0.14219
913.42,0.14297
912.5,0.14311
907.5,0.14386
905.46,0.14411
902.5,0.14444
897.5,0.14491
893.33,0.14526
892.5,0.14533
887.5,0.14569
882.5,0.14605
877.55,0.14641
877.5,0.14641
872.5,0.14675
867.5,0.1471
862.5,0.14746
861.11,0.14756
857.5,0.14781
852.5,0.14816
847.5,0.14853
845.1,0.14871
842.5,0.14889
837.5,0.14926
832.5,0.14964
829.72,0.14986
827.5,0.15002
822.5,0.1504
817.5,0.1508
814.97,0.151
812.5,0.15119
807.5,0.15159
802.5,0.15201
801.42,0.15215
797.5,0.15265
792.5,0.15311
790.58,0.1533
787.5,0.15358
782.5,0.15406
778.63,0.15445
777.5,0.15456
772.5,0.15505
767.5,0.15556
767.17,0.1556
762.5,0.15607
757.5,0.1566
756.21,0.15675
752.5,0.15713
747.5,0.15768
745.63,0.15789
742.5,0.15823
737.5,0.1588
735.41,0.15904
732.5,0.15937
727.5,0.15995
725.52,0.16019
722.5,0.16054
717.5,0.16114
715.92,0.16134
712.5,0.16175
707.5,0.16237
706.59,0.16249
702.5,0.16299
697.5,0.16364
697.5,0.16364
692.5,0.16427
688.69,0.16478
687.5,0.16493
682.5,0.1656
680.08,0.16593
677.5,0.16627
672.5,0.16696
671.64,0.16708
667.5,0.16764
663.4,0.16823
662.5,0.16835
657.5,0.16906
655.34,0.16938
652.5,0.16978
647.5,0.17051
647.4,0.17053
642.5,0.17124
639.66,0.17167
637.5,0.17199
632.5,0.17275
632.02,0.17282
627.5,0.1735
624.54,0.17397
622.5,0.17427
617.5,0.17506
617.13,0.17512
612.5,0.17584
609.89,0.17627
607.5,0.17664
602.69,0.17742
602.5,0.17745
597.5,0.17826
595.67,0.17856
592.5,0.17907
588.64,0.17971
587.5,0.17989
582.5,0.18072
581.7,0.18086
577.5,0.18155
574.85,0.18201
572.5,0.18239
568.03,0.18316
567.5,0.18324
562.5,0.18409
561.3,0.18431
557.5,0.18494
554.62,0.18545
552.5,0.18581
547.94,0.1866
547.5,0.18668
542.5,0.18754
541.34,0.18775
537.5,0.18841
534.75,0.1889
532.5,0.18928
528.16,0.19005
527.5,0.19016
522.5,0.19103
521.61,0.1912
517.5,0.19191
515.09,0.19234
512.5,0.19279
508.57,0.19349
507.5,0.19367
502.5,0.19456
502.08,0.19464
497.5,0.19545
495.65,0.19579
492.5,0.19634
489.23,0.19694
487.5,0.19724
482.82,0.19809
482.5,0.19814
477.5,0.19904
476.5,0.19923
472.5,0.19995
470.21,0.20038
467.5,0.20087
463.96,0.20153
462.5,0.20179
457.73,0.20268
457.5,0.20272
452.5,0.20365
451.6,0.20383
447.5,0.20459
445.53,0.20498
442.5,0.20554
439.51,0.20612
437.5,0.2065
433.54,0.20727
432.5,0.20746
427.64,0.20842
427.5,0.20845
422.5,0.20943
421.84,0.20957
417.5,0.21043
416.14,0.21072
412.5,0.21144
410.52,0.21187
407.5,0.21247
404.99,0.21301
402.5,0.21352
399.55,0.21416
397.5,0.21459
394.24,0.21531
392.5,0.21568
389.06,0.21646
387.5,0.2168
384.03,0.21761
382.5,0.21795
379.16,0.21876
377.5,0.21914
374.44,0.2199
372.5,0.22037
369.87,0.22105
367.5,0.22164
365.43,0.2222
362.5,0.22296
361.1,0.22335
357.5,0.22432
356.88,0.2245
352.75,0.22565
352.5,0.22571
348.74,0.22679
347.5,0.22714
344.8,0.22794
342.5,0.22861
340.93,0.22909
337.5,0.23011
337.1,0.23024
333.38,0.23139
332.5,0.23165
329.72,0.23254
327.5,0.23322
326.11,0.23368
322.54,0.23483
322.5,0.23484
319.09,0.23598
317.5,0.23649
315.67,0.23713
312.5,0.23819
312.27,0.23828
308.99,0.23943
307.5,0.23993
305.74,0.24057
302.5,0.24172
302.5,0.24172
299.4,0.24287
297.5,0.24355
296.3,0.24402
293.25,0.24517
292.5,0.24544
290.28,0.24632
287.5,0.24738
287.31,0.24746
284.45,0.24861
282.5,0.24938
281.6,0.24976
278.82,0.25091
277.5,0.25144
276.08,0.25206
273.38,0.25321
272.5,0.25357
270.75,0.25435
268.13,0.2555
267.5,0.25577
265.6,0.25665
263.06,0.2578
262.5,0.25804
260.61,0.25895
258.16,0.2601
257.5,0.2604
255.79,0.26124
253.42,0.26239
252.5,0.26283
251.12,0.26354
248.83,0.26469
247.5,0.26534
246.57,0.26584
244.36,0.26699
242.5,0.26793
242.13,0.26813
239.99,0.26928
237.8,0.27043
237.5,0.27058
235.7,0.27158
233.57,0.27273
232.5,0.27328
231.46,0.27388
229.38,0.27502
227.5,0.27602
227.25,0.27617
225.2,0.27732
223.08,0.27847
222.5,0.27877
221.02,0.27962
218.92,0.28077
217.5,0.28151
216.8,0.28191
214.72,0.28306
212.55,0.28421
212.5,0.28423
210.47,0.28536
208.29,0.28651
207.5,0.2869
206.14,0.28766
203.95,0.2888
202.5,0.28952
201.76,0.28995
199.67,0.2911
197.5,0.2922
197.43,0.29225
195.36,0.2934
193.12,0.29455
192.5,0.29485
190.96,0.29569
188.98,0.29684
187.5,0.29785
187.3,0.29799
185.98,0.29914
184.83,0.30029
183.75,0.30144
182.64,0.30258
182.5,0.30273
181.57,0.30373
180.45,0.30488
179.24,0.30603
177.96,0.30718
177.5,0.30757
176.7,0.30833
175.42,0.30947
174.09,0.31062
172.73,0.31177
172.5,0.31196
171.43,0.31292
170.13,0.31407
168.8,0.31522
167.5,0.31632
167.45,0.31636
166.18,0.31751
164.9,0.31866
163.6,0.31981
162.5,0.32076
162.3,0.32096
161.06,0.32211
159.81,0.32325
158.54,0.3244
157.5,0.32533
157.28,0.32555
156.07,0.3267
154.85,0.32785
153.61,0.329
152.5,0.33001
152.39,0.33014
151.4,0.33129
150.4,0.33244
149.38,0.33359
148.34,0.33474
147.5,0.33565
147.33,0.33589
146.5,0.33703
145.65,0.33818
144.78,0.33933
143.9,0.34048
143.01,0.34163
142.5,0.34227
142.14,0.34278
141.32,0.34392
140.48,0.34507
139.63,0.34622
138.76,0.34737
137.87,0.34852
137.5,0.34898
137.02,0.34967
136.2,0.35081
135.35,0.35196
134.48,0.35311
133.58,0.35426
132.64,0.35541
132.5,0.35557
131.75,0.35656
130.83,0.3577
129.85,0.35885
128.8,0.36
127.67,0.36115
127.5,0.36131
126.58,0.3623
125.43,0.36344
124.23,0.36459
122.97,0.36574
122.5,0.36615
121.73,0.36689
120.47,0.36804
119.1,0.36919
117.64,0.37033
117.5,0.37044
116.25,0.37148
114.83,0.37263
113.35,0.37378
112.5,0.37441
111.89,0.37493
110.45,0.37608
108.96,0.37722
107.5,0.37832
107.43,0.37837
106.01,0.37952
104.56,0.38067
103.12,0.38182
102.5,0.38231
101.25,0.38297
99.129,0.38411
97.5,0.38504

