100 , 1.048E+05
105 , 8.486E+04
110 , 6.921E+04
115 , 5.685E+04
120 , 4.701E+04
125 , 3.912E+04
130 , 3.271E+04
135 , 2.755E+04
140 , 2.333E+04
145 , 1.985E+04
150 , 1.697E+04
155 , 1.456E+04
160 , 1.255E+04
165 , 1.086E+04
170 , 9.438E+03
175 , 8.227E+03
180 , 7.195E+03
185 , 6.312E+03
190 , 5.555E+03
195 , 4.902E+03
200 , 4.337E+03
205 , 3.847E+03
210 , 3.421E+03
215 , 3.049E+03
220 , 2.723E+03
225 , 2.437E+03
230 , 2.185E+03
235 , 1.963E+03
240 , 1.767E+03
245 , 1.593E+03
250 , 1.438E+03
255 , 1.301E+03
260 , 1.179E+03
265 , 1.070E+03
270 , 9.728E+02
275 , 8.854E+02
280 , 8.070E+02
285 , 7.364E+02
290 , 6.729E+02
295 , 6.156E+02
300 , 5.638E+02
305 , 5.171E+02
310 , 4.747E+02
315 , 4.364E+02
320 , 4.015E+02
325 , 3.698E+02
330 , 3.410E+02
335 , 3.147E+02
340 , 2.907E+02
345 , 2.688E+02
350 , 2.488E+02
355 , 2.305E+02
360 , 2.137E+02
365 , 1.983E+02
370 , 1.841E+02
375 , 1.711E+02
380 , 1.592E+02
385 , 1.481E+02
390 , 1.380E+02
395 , 1.286E+02
400 , 1.200E+02
405 , 1.120E+02
410 , 1.046E+02
415 , 9.774E+01
420 , 9.140E+01
425 , 8.553E+01
430 , 8.008E+01
435 , 7.502E+01
440 , 7.033E+01
445 , 6.596E+01
450 , 6.190E+01
455 , 5.812E+01
460 , 5.460E+01
465 , 5.132E+01
470 , 4.826E+01
475 , 4.541E+01
480 , 4.274E+01
485 , 4.025E+01
490 , 3.793E+01
495 , 3.575E+01
500 , 3.372E+01
505 , 3.181E+01
510 , 3.003E+01
515 , 2.836E+01
520 , 2.679E+01
525 , 2.532E+01
530 , 2.395E+01
535 , 2.265E+01
540 , 2.143E+01
545 , 2.029E+01
550 , 1.921E+01
555 , 1.820E+01
560 , 1.725E+01
565 , 1.635E+01
570 , 1.551E+01
575 , 1.471E+01
580 , 1.396E+01
585 , 1.325E+01
590 , 1.259E+01
595 , 1.196E+01
600 , 1.136E+01
605 , 1.080E+01
610 , 1.027E+01
615 , 9.767E+00
620 , 9.292E+00
625 , 8.843E+00
630 , 8.419E+00
635 , 8.017E+00
640 , 7.636E+00
645 , 7.275E+00
650 , 6.934E+00
655 , 6.610E+00
660 , 6.303E+00
665 , 6.011E+00
670 , 5.735E+00
675 , 5.473E+00
680 , 5.224E+00
685 , 4.987E+00
690 , 4.763E+00
695 , 4.549E+00
700 , 4.346E+00
705 , 4.154E+00
710 , 3.970E+00
715 , 3.796E+00
720 , 3.630E+00
725 , 3.473E+00
730 , 3.323E+00
735 , 3.179E+00
740 , 3.043E+00
745 , 2.913E+00
750 , 2.790E+00
755 , 2.672E+00
760 , 2.559E+00
765 , 2.452E+00
770 , 2.350E+00
775 , 2.252E+00
780 , 2.159E+00
785 , 2.070E+00
790 , 1.985E+00
795 , 1.904E+00
800 , 1.827E+00
805 , 1.751E+00
810 , 1.679E+00
815 , 1.610E+00
820 , 1.544E+00
825 , 1.482E+00
830 , 1.422E+00
835 , 1.365E+00
840 , 1.311E+00
845 , 1.260E+00
850 , 1.210E+00
855 , 1.163E+00
860 , 1.118E+00
865 , 1.076E+00
870 , 1.035E+00
875 , 9.956E-01
880 , 9.583E-01
885 , 9.227E-01
890 , 8.886E-01
895 , 8.560E-01
900 , 8.249E-01
905 , 7.932E-01
910 , 7.630E-01
915 , 7.341E-01
920 , 7.064E-01
925 , 6.800E-01
930 , 6.547E-01
935 , 6.304E-01
940 , 6.072E-01
945 , 5.850E-01
950 , 5.638E-01
955 , 5.434E-01
960 , 5.239E-01
965 , 5.052E-01
970 , 4.873E-01
975 , 4.701E-01
980 , 4.536E-01
985 , 4.378E-01
990 , 4.227E-01
995 , 4.081E-01
1000    , 3.942E-01
1005    , 3.801E-01
1010    , 3.666E-01
1015    , 3.536E-01
1020    , 3.412E-01
1025    , 3.292E-01
1030    , 3.177E-01
1035    , 3.067E-01
1040    , 2.961E-01
1045    , 2.860E-01
1050    , 2.762E-01
1055    , 2.668E-01
1060    , 2.578E-01
1065    , 2.492E-01
1070    , 2.409E-01
1075    , 2.329E-01
1080    , 2.252E-01
1085    , 2.178E-01
1090    , 2.106E-01
1095    , 2.038E-01
1100    , 1.972E-01
1105    , 1.906E-01
1110    , 1.842E-01
1115    , 1.781E-01
1120    , 1.722E-01
1125    , 1.665E-01
1130    , 1.610E-01
1135    , 1.557E-01
1140    , 1.506E-01
1145    , 1.458E-01
1150    , 1.411E-01
1155    , 1.365E-01
1160    , 1.321E-01
1165    , 1.279E-01
1170    , 1.239E-01
1175    , 1.200E-01
1180    , 1.162E-01
1185    , 1.126E-01
1190    , 1.091E-01
1195    , 1.057E-01
1200    , 1.024E-01
1205    , 9.916E-02
1210    , 9.600E-02
1215    , 9.296E-02
1220    , 9.002E-02
1225    , 8.719E-02
1230    , 8.446E-02
1235    , 8.183E-02
1240    , 7.928E-02
1245    , 7.683E-02
1250    , 7.447E-02
1255    , 7.218E-02
1260    , 6.998E-02
1265    , 6.785E-02
1270    , 6.579E-02
1275    , 6.381E-02
1280    , 6.189E-02
1285    , 6.004E-02
1290    , 5.826E-02
1295    , 5.653E-02
1300    , 5.486E-02
1305    , 5.319E-02
1310    , 5.158E-02
1315    , 5.002E-02
1320    , 4.852E-02
1325    , 4.706E-02
1330    , 4.565E-02
1335    , 4.429E-02
1340    , 4.298E-02
1345    , 4.170E-02
1350    , 4.047E-02
1355    , 3.929E-02
1360    , 3.814E-02
1365    , 3.702E-02
1370    , 3.595E-02
1375    , 3.491E-02
1380    , 3.390E-02
1385    , 3.292E-02
1390    , 3.198E-02
1395    , 3.107E-02
1400    , 3.018E-02
1405    , 2.930E-02
1410    , 2.844E-02
1415    , 2.762E-02
1420    , 2.682E-02
1425    , 2.604E-02
1430    , 2.529E-02
1435    , 2.456E-02
1440    , 2.386E-02
1445    , 2.318E-02
1450    , 2.252E-02
1455    , 2.188E-02
1460    , 2.127E-02
1465    , 2.067E-02
1470    , 2.009E-02
1475    , 1.952E-02
1480    , 1.898E-02
1485    , 1.845E-02
1490    , 1.794E-02
1495    , 1.745E-02
1500    , 1.697E-02
1505    , 1.649E-02
1510    , 1.602E-02
1515    , 1.557E-02
1520    , 1.514E-02
1525    , 1.471E-02
1530    , 1.430E-02
1535    , 1.391E-02
1540    , 1.352E-02
1545    , 1.315E-02
1550    , 1.279E-02
1555    , 1.244E-02
1560    , 1.210E-02
1565    , 1.177E-02
1570    , 1.145E-02
1575    , 1.114E-02
1580    , 1.084E-02
1585    , 1.054E-02
1590    , 1.026E-02
1595    , 9.987E-03
1600    , 9.720E-03
1605    , 9.454E-03
1610    , 9.196E-03
1615    , 8.946E-03
1620    , 8.703E-03
1625    , 8.468E-03
1630    , 8.239E-03
1635    , 8.017E-03
1640    , 7.802E-03
1645    , 7.593E-03
1650    , 7.390E-03
1655    , 7.194E-03
1660    , 7.003E-03
1665    , 6.817E-03
1670    , 6.637E-03
1675    , 6.463E-03
1680    , 6.293E-03
1685    , 6.128E-03
1690    , 5.968E-03
1695    , 5.813E-03
1700    , 5.662E-03
1705    , 5.513E-03
1710    , 5.367E-03
1715    , 5.226E-03
1720    , 5.088E-03
1725    , 4.955E-03
1730    , 4.825E-03
1735    , 4.699E-03
1740    , 4.577E-03
1745    , 4.458E-03
1750    , 4.342E-03
1755    , 4.230E-03
1760    , 4.121E-03
1765    , 4.014E-03
1770    , 3.911E-03
1775    , 3.811E-03
1780    , 3.713E-03
1785    , 3.618E-03
1790    , 3.526E-03
1795    , 3.436E-03
1800    , 3.349E-03
1805    , 3.262E-03
1810    , 3.178E-03
1815    , 3.095E-03
1820    , 3.016E-03
1825    , 2.938E-03
1830    , 2.863E-03
1835    , 2.789E-03
1840    , 2.718E-03
1845    , 2.649E-03
1850    , 2.582E-03
1855    , 2.516E-03
1860    , 2.453E-03
1865    , 2.391E-03
1870    , 2.331E-03
1875    , 2.273E-03
1880    , 2.216E-03
1885    , 2.161E-03
1890    , 2.107E-03
1895    , 2.055E-03
1900    , 2.004E-03
1905    , 1.954E-03
1910    , 1.905E-03
1915    , 1.857E-03
1920    , 1.811E-03
1925    , 1.766E-03
1930    , 1.722E-03
1935    , 1.679E-03
1940    , 1.638E-03
1945    , 1.597E-03
1950    , 1.558E-03
1955    , 1.519E-03
1960    , 1.482E-03
1965    , 1.446E-03
1970    , 1.410E-03
1975    , 1.376E-03
1980    , 1.342E-03
1985    , 1.309E-03
1990    , 1.277E-03
1995    , 1.246E-03
2000    , 1.216E-03
2005    , 1.186E-03
2010    , 1.156E-03
2015    , 1.128E-03
2020    , 1.100E-03
2025    , 1.073E-03
2030    , 1.047E-03
2035    , 1.021E-03
2040    , 9.961E-04
2045    , 9.718E-04
2050    , 9.482E-04
2055    , 9.252E-04
2060    , 9.029E-04
2065    , 8.811E-04
2070    , 8.599E-04
2075    , 8.392E-04
2080    , 8.191E-04
2085    , 7.996E-04
2090    , 7.805E-04
2095    , 7.620E-04
2100    , 7.439E-04
2105    , 7.261E-04
2110    , 7.087E-04
2115    , 6.918E-04
2120    , 6.753E-04
2125    , 6.592E-04
2130    , 6.435E-04
2135    , 6.282E-04
2140    , 6.132E-04
2145    , 5.987E-04
2150    , 5.845E-04
2155    , 5.707E-04
2160    , 5.572E-04
2165    , 5.441E-04
2170    , 5.312E-04
2175    , 5.187E-04
2180    , 5.065E-04
2185    , 4.946E-04
2190    , 4.831E-04
2195    , 4.717E-04
2200    , 4.607E-04
2205    , 4.497E-04
2210    , 4.391E-04
2215    , 4.286E-04
2220    , 4.185E-04
2225    , 4.086E-04
2230    , 3.990E-04
2235    , 3.896E-04
2240    , 3.804E-04
2245    , 3.715E-04
2250    , 3.628E-04
2255    , 3.544E-04
2260    , 3.461E-04
2265    , 3.381E-04
2270    , 3.302E-04
2275    , 3.226E-04
2280    , 3.151E-04
2285    , 3.078E-04
2290    , 3.007E-04
2295    , 2.938E-04
2300    , 2.871E-04
2305    , 2.804E-04
2310    , 2.739E-04
2315    , 2.676E-04
2320    , 2.614E-04
2325    , 2.554E-04
2330    , 2.495E-04
2335    , 2.437E-04
2340    , 2.381E-04
2345    , 2.327E-04
2350    , 2.273E-04
2355    , 2.221E-04
2360    , 2.170E-04
2365    , 2.121E-04
2370    , 2.073E-04
2375    , 2.025E-04
2380    , 1.979E-04
2385    , 1.934E-04
2390    , 1.891E-04
2395    , 1.848E-04
2400    , 1.806E-04
2405    , 1.765E-04
2410    , 1.724E-04
2415    , 1.685E-04
2420    , 1.646E-04
2425    , 1.609E-04
2430    , 1.572E-04
2435    , 1.537E-04
2440    , 1.502E-04
2445    , 1.468E-04
2450    , 1.435E-04
2455    , 1.402E-04
2460    , 1.371E-04
2465    , 1.340E-04
2470    , 1.310E-04
2475    , 1.280E-04
2480    , 1.252E-04
2485    , 1.224E-04
2490    , 1.196E-04
2495    , 1.170E-04
2500    , 1.144E-04
2505    , 1.118E-04
2510    , 1.093E-04
2515    , 1.068E-04
2520    , 1.044E-04
2525    , 1.021E-04
2530    , 9.980E-05
2535    , 9.757E-05
2540    , 9.539E-05
2545    , 9.326E-05
2550    , 9.119E-05
2555    , 8.916E-05
2560    , 8.718E-05
2565    , 8.525E-05
2570    , 8.337E-05
2575    , 8.152E-05
2580    , 7.973E-05
2585    , 7.797E-05
2590    , 7.626E-05
2595    , 7.458E-05
2600    , 7.295E-05
2605    , 7.132E-05
2610    , 6.974E-05
2615    , 6.819E-05
2620    , 6.668E-05
2625    , 6.521E-05
2630    , 6.377E-05
2635    , 6.237E-05
2640    , 6.099E-05
2645    , 5.965E-05
2650    , 5.835E-05
2655    , 5.707E-05
2660    , 5.582E-05
2665    , 5.460E-05
2670    , 5.341E-05
2675    , 5.225E-05
2680    , 5.112E-05
2685    , 5.001E-05
2690    , 4.893E-05
2695    , 4.787E-05
2700    , 4.683E-05
2705    , 4.582E-05
2710    , 4.483E-05
2715    , 4.387E-05
2720    , 4.292E-05
2725    , 4.199E-05
2730    , 4.109E-05
2735    , 4.020E-05
2740    , 3.933E-05
2745    , 3.848E-05
2750    , 3.765E-05
2755    , 3.684E-05
2760    , 3.605E-05
2765    , 3.527E-05
2770    , 3.451E-05
2775    , 3.377E-05
2780    , 3.304E-05
2785    , 3.233E-05
2790    , 3.163E-05
2795    , 3.095E-05
2800    , 3.028E-05
2805    , 2.962E-05
2810    , 2.898E-05
2815    , 2.834E-05
2820    , 2.773E-05
2825    , 2.713E-05
2830    , 2.654E-05
2835    , 2.596E-05
2840    , 2.540E-05
2845    , 2.485E-05
2850    , 2.432E-05
2855    , 2.379E-05
2860    , 2.328E-05
2865    , 2.278E-05
2870    , 2.230E-05
2875    , 2.182E-05
2880    , 2.135E-05
2885    , 2.090E-05
2890    , 2.045E-05
2895    , 2.002E-05
2900    , 1.959E-05
2905    , 1.918E-05
2910    , 1.877E-05
2915    , 1.838E-05
2920    , 1.799E-05
2925    , 1.761E-05
2930    , 1.724E-05
2935    , 1.688E-05
2940    , 1.652E-05
2945    , 1.618E-05
2950    , 1.584E-05
2955    , 1.551E-05
2960    , 1.519E-05
2965    , 1.487E-05
2970    , 1.456E-05
2975    , 1.426E-05
2980    , 1.396E-05
2985    , 1.368E-05
2990    , 1.339E-05
2995    , 1.312E-05
3000    , 1.285E-05